0.79,-3.09,-0.19,1.34,0.46,-0.16,3.09,86.76,21.08,7.57,-2.34,3.29,-0.19,21.08,30.46,-0.05,0.27,0.83,1.34,7.57,-0.05,64.68,1.13,-0.27,0.46,-2.34,-0.27,1.13,0.70,-0.12,-0.16,3.29,0.83,-0.27,-0.12,0.20
