0.63,-3.53,-0.56,1.50,0.44,-0.16,-3.53,90.81,4.50,7.88,-3,3,-0.56,4.5,16.92,2.97,-0.94,-0.18,1.50,7.88,2.97,54.05,1,0.25,0.44,-3,-0.94,1.00,0.62,-0.14,-0.16,3,-0.18,0.25,-0.14,0.21
